version https://git-lfs.github.com/spec/v1
oid sha256:2513208a658196e357938c13784680ecabc4a8b03fc479378544f4b10f200775
size 251
