version https://git-lfs.github.com/spec/v1
oid sha256:fb57ee8e7ebf72ba3bbac2b84b4e517e72f448ad9476a517f123f98325817736
size 63
